image: ./GridMap.pgm
resolution: 0.020000
origin: [-10.000000, -10.000000, 0.000000]
#origin: [6.757442, -0.128292, 0.000000]
negate: 0
occupied_thresh: 0.65
free_thresh: 0.196
