%YAML:1.0

#--------------------------------------------------------------------------------------------
# Camera Parameters. Adjust them!
#--------------------------------------------------------------------------------------------
Camera.type: "PinHole"

  # Camera calibration and distortion parameters (OpenCV)
  # distortion_model: "plumb_bob"
  # D: [0.0, 0.0, 0.0, 0.0, 0.0]
  # K: [531.7425537109375, 0.0, 639.8756713867188, 0.0, 531.7425537109375, 356.1709899902344, 0.0, 0.0, 1.0]
  # R: [1.0, 0.0, 0.0, 0.0, 1.0, 0.0, 0.0, 0.0, 1.0]
  # P: [531.7425537109375, 0.0, 639.8756713867188, 0.0, 0.0, 531.7425537109375, 356.1709899902344, 0.0, 0.0, 0.0, 1.0, 0.0]

Camera.fx: 531.7425537109375
Camera.fy: 531.7425537109375
Camera.cx: 639.8756713867188
Camera.cy: 356.1709899902344

  # k1, k2, k3, p1, p2.
Camera.k1: 0.0
Camera.k2: 0.0
Camera.p1: 0.0
Camera.p2: 0.0
Camera.k3: 0.0

Camera.width: 1280
Camera.height: 720

# Camera frames per second
Camera.fps: 30

# stereo baseline times fx
Camera.bf: 63.61024856567383

  # Color order of the images (0: BGR, 1: RGB. It is ignored if images are grayscale)
Camera.RGB: 1

  # Close/Far threshold. Baseline times.
ThDepth: 35.0 # 35

Tbc: !!opencv-matrix
   rows: 4
   cols: 4
   dt: f
   data:  [0.0052295,   0.00167686,  0.99998492,  0.00187634,
           -0.99998563, -0.00119165,  0.0052315,   0.02301252,
           0.00120045, -0.99999786,  0.00167064,  0.00197573,
           0.0, 0.0, 0.0, 1.0]

IMU.NoiseGyro: 0.000139626 # 1.6968e-04
IMU.NoiseAcc:  0.0016 # 2.0000e-3  # m/s^1.5
IMU.GyroWalk:  0.000033989
IMU.AccWalk:   0.0002509 # 3.0000e-3
IMU.Frequency: 400

  #--------------------------------------------------------------------------------------------
  # Stereo Rectification. Only if you need to pre-rectify the images.
  # Camera.fx, .fy, etc must be the same as in LEFT.P
  #--------------------------------------------------------------------------------------------
  # distortion_model: "plumb_bob"
  #  D: [ 0.0, 0.0, 0.0, 0.0, 0.0 ]
  #  K: [ 531.7425537109375, 0.0, 639.8756713867188, 0.0, 531.7425537109375, 356.1709899902344, 0.0, 0.0, 1.0 ]
  #  R: [ 1.0, 0.0, 0.0, 0.0, 1.0, 0.0, 0.0, 0.0, 1.0 ]
  #  P: [ 531.7425537109375, 0.0, 639.8756713867188, 0.0, 0.0, 531.7425537109375, 356.1709899902344, 0.0, 0.0, 0.0, 1.0, 0.0 ]

LEFT.height: 720
LEFT.width: 1280
LEFT.D: !!opencv-matrix
    rows: 1
    cols: 5
    dt: d
    data: [ 0.0, 0.0, 0.0, 0.0, 0.0 ]
LEFT.K: !!opencv-matrix
    rows: 3
    cols: 3
    dt: d
    data: [ 531.7425537109375, 0.0, 639.8756713867188, 0.0, 531.7425537109375, 356.1709899902344, 0.0, 0.0, 1.0 ]
LEFT.R: !!opencv-matrix
    rows: 3
    cols: 3
    dt: d
    data: [ 1.0, 0.0, 0.0, 0.0, 1.0, 0.0, 0.0, 0.0, 1.0 ]
LEFT.Rf: !!opencv-matrix
    rows: 3
    cols: 3
    dt: f
    data: [ 1.0, 0.0, 0.0, 0.0, 1.0, 0.0, 0.0, 0.0, 1.0 ]
LEFT.P: !!opencv-matrix
    rows: 3
    cols: 4
    dt: d
    data: [ 531.7425537109375, 0.0, 639.8756713867188, 0.0, 0.0, 531.7425537109375, 356.1709899902344, 0.0, 0.0, 0.0, 1.0, 0.0 ]


  # distortion_model: "plumb_bob"
  #D: [0.0, 0.0, 0.0, 0.0, 0.0]
  #K: [531.7425537109375, 0.0, 639.8756713867188, 0.0, 531.7425537109375, 356.1709899902344, 0.0, 0.0, 1.0]
  #R: [1.0, 0.0, 0.0, 0.0, 1.0, 0.0, 0.0, 0.0, 1.0]
  #P: [531.7425537109375, 0.0, 639.8756713867188, -63.61024856567383, 0.0, 531.7425537109375, 356.1709899902344, 0.0, 0.0, 0.0, 1.0, 0.0]

RIGHT.height: 720
RIGHT.width: 1280
RIGHT.D: !!opencv-matrix
    rows: 1
    cols: 5
    dt: d
    data: [ 0.0, 0.0, 0.0, 0.0, 0.0 ]
RIGHT.K: !!opencv-matrix
    rows: 3
    cols: 3
    dt: d
    data: [ 531.7425537109375, 0.0, 639.8756713867188, 0.0, 531.7425537109375, 356.1709899902344, 0.0, 0.0, 1.0 ]
RIGHT.R: !!opencv-matrix
    rows: 3
    cols: 3
    dt: d
    data: [ 1.0, 0.0, 0.0, 0.0, 1.0, 0.0, 0.0, 0.0, 1.0 ]
RIGHT.P: !!opencv-matrix
    rows: 3
    cols: 4
    dt: d
    data: [ 531.7425537109375, 0.0, 639.8756713867188, -63.61024856567383, 0.0, 531.7425537109375, 356.1709899902344, 0.0, 0.0, 0.0, 1.0, 0.0 ]

#--------------------------------------------------------------------------------------------
# ORB Parameters
#--------------------------------------------------------------------------------------------

# ORB Extractor: Number of features per image
ORBextractor.nFeatures: 1200

# ORB Extractor: Scale factor between levels in the scale pyramid
ORBextractor.scaleFactor: 1.2

# ORB Extractor: Number of levels in the scale pyramid
ORBextractor.nLevels: 8

# ORB Extractor: Fast threshold
# Image is divided in a grid. At each cell FAST are extracted imposing a minimum response.
# Firstly we impose iniThFAST. If no corners are detected we impose a lower value minThFAST
# You can lower these values if your images have low contrast
ORBextractor.iniThFAST: 20
ORBextractor.minThFAST: 7

#--------------------------------------------------------------------------------------------
# Viewer Parameters
#---------------------------------------------------------------------------------------------
Viewer.KeyFrameSize: 0.05
Viewer.KeyFrameLineWidth: 1
Viewer.GraphLineWidth: 0.9
Viewer.PointSize: 2
Viewer.CameraSize: 0.08
Viewer.CameraLineWidth: 3
Viewer.ViewpointX: 0
Viewer.ViewpointY: -0.7
Viewer.ViewpointZ: -1.8
Viewer.ViewpointF: 500
