%YAML:1.0

#--------------------------------------------------------------------------------------------
# Camera Parameters. Adjust them!
#--------------------------------------------------------------------------------------------
Camera.type: "PinHole"

# Camera calibration and distortion parameters (OpenCV) K: [528.0399780273438, 0.0, 641.135009765625, 0.0, 527.9000244140625, 352.4744873046875, 0.0, 0.0, 1.0]
#distortion_model: "plumb_bob"
#D: [-0.0427934005856514, 0.01219169981777668, -0.005644110031425953, -0.0004624419962055981, -0.0001481950021116063]
#K: [528.0399780273438, 0.0, 641.135009765625, 0.0, 527.9000244140625, 352.4744873046875, 0.0, 0.0, 1.0]
#R: [1.0, 0.0, 0.0, 0.0, 1.0, 0.0, 0.0, 0.0, 1.0]
#P: [528.0399780273438, 0.0, 641.135009765625, 0.0, 0.0, 527.9000244140625, 352.4744873046875, 0.0, 0.0, 0.0, 1.0, 0.0]

Camera.fx: 264.019989014
Camera.fy: 263.950012207
Camera.cx: 320.567504883
Camera.cy: 176.237243652

# k1, k2, k3, p1, p2.
Camera.k1: -0.0427934005856514
Camera.k2: 0.01219169981777668
Camera.p1: -0.0004624419962055981
Camera.p2: -0.0001481950021116063
Camera.k3: -0.005644110031425953

Camera.width: 640
Camera.height: 360

# Camera frames per second 
Camera.fps: 30

# stereo baseline times fx
Camera.bf: 31.682398682

# Color order of the images (0: BGR, 1: RGB. It is ignored if images are grayscale)
Camera.RGB: 1

# Close/Far threshold. Baseline times.
ThDepth: 35.0 # 35

#--------------------------------------------------------------------------------------------
# Stereo Rectification. Only if you need to pre-rectify the images.
# Camera.fx, .fy, etc must be the same as in LEFT.P
#--------------------------------------------------------------------------------------------
LEFT.height: 360
LEFT.width: 640
LEFT.D: !!opencv-matrix
   rows: 1
   cols: 5
   dt: d
   data: [-0.0427934005856514, 0.01219169981777668, -0.005644110031425953, -0.0004624419962055981, -0.0001481950021116063]
LEFT.K: !!opencv-matrix
   rows: 3
   cols: 3
   dt: d
   data: [264.019989014, 0.0, 320.567504883, 0.0, 263.950012207, 176.237243652, 0.0, 0.0, 1.0]
LEFT.R:  !!opencv-matrix
   rows: 3
   cols: 3
   dt: d
   data: [1.0, 0.0, 0.0, 0.0, 1.0, 0.0, 0.0, 0.0, 1.0]
LEFT.Rf:  !!opencv-matrix
   rows: 3
   cols: 3
   dt: f
   data: [1.0, 0.0, 0.0, 0.0, 1.0, 0.0, 0.0, 0.0, 1.0]
LEFT.P:  !!opencv-matrix
   rows: 3
   cols: 4
   dt: d
   data: [264.019989014, 0.0, 320.567504883, 0.0, 0.0, 263.950012207, 176.237243652, 0.0, 0.0, 0.0, 1.0, 0.0]

# D: [-0.04267910122871399, 0.011817200109362602, -0.005491599906235933, -0.0007795310229994357, -0.0006695810006931424]
# K: [529.1649780273438, 0.0, 642.969970703125, 0.0, 528.9299926757812, 352.0155029296875, 0.0, 0.0, 1.0]
# R: [1.0, 0.0, 0.0, 0.0, 1.0, 0.0, 0.0, 0.0, 1.0]
# P: [529.1649780273438, 0.0, 642.969970703125, -63.32826232910156, 0.0, 528.9299926757812, 352.0155029296875, 0.0, 0.0, 0.0, 1.0, 0.0]

RIGHT.height: 360
RIGHT.width: 640
RIGHT.D: !!opencv-matrix
   rows: 1
   cols: 5
   dt: d
   data: [-0.04267910122871399, 0.011817200109362602, -0.005491599906235933, -0.0007795310229994357, -0.0006695810006931424]
RIGHT.K: !!opencv-matrix
   rows: 3
   cols: 3
   dt: d
   data: [264.582489014, 0.0, 321.484985352, 0.0, 264.464996338, 176.007751465, 0.0, 0.0, 1.0]
RIGHT.R:  !!opencv-matrix
   rows: 3
   cols: 3
   dt: d
   data: [1.0, 0.0, 0.0, 0.0, 1.0, 0.0, 0.0, 0.0, 1.0]
RIGHT.P:  !!opencv-matrix
   rows: 3
   cols: 4
   dt: d
   data: [264.582489014, 0.0, 321.484985352, -31.664131165, 0.0, 264.464996338, 176.007751465, 0.0, 0.0, 0.0, 1.0, 0.0]

#--------------------------------------------------------------------------------------------
# ORB Parameters
#--------------------------------------------------------------------------------------------

# ORB Extractor: Number of features per image
ORBextractor.nFeatures: 1200

# ORB Extractor: Scale factor between levels in the scale pyramid 	
ORBextractor.scaleFactor: 1.2

# ORB Extractor: Number of levels in the scale pyramid	
ORBextractor.nLevels: 8

# ORB Extractor: Fast threshold
# Image is divided in a grid. At each cell FAST are extracted imposing a minimum response.
# Firstly we impose iniThFAST. If no corners are detected we impose a lower value minThFAST
# You can lower these values if your images have low contrast			
ORBextractor.iniThFAST: 20
ORBextractor.minThFAST: 7

#--------------------------------------------------------------------------------------------
# Viewer Parameters
#---------------------------------------------------------------------------------------------
Viewer.KeyFrameSize: 0.05
Viewer.KeyFrameLineWidth: 1
Viewer.GraphLineWidth: 0.9
Viewer.PointSize: 2
Viewer.CameraSize: 0.08
Viewer.CameraLineWidth: 3
Viewer.ViewpointX: 0
Viewer.ViewpointY: -0.7
Viewer.ViewpointZ: -1.8
Viewer.ViewpointF: 500

